0 0.134375 0.26796875 0.1234375 0.153125
0 0.11640625 0.51640625 0.1453125 0.19140625
0 0.22578125 0.74296875 0.16015625 0.21875
0 0.265625 0.35 0.1234375 0.1640625
0 0.38359375 0.5078125 0.1421875 0.21875
0 0.290625 0.1421875 0.1015625 0.175
0 0.4125 0.2515625 0.10546875 0.1640625
0 0.48359375 0.74296875 0.1453125 0.21875
0 0.534375 0.37734375 0.109375 0.175
0 0.6453125 0.52421875 0.134375 0.2078125
0 0.74921875 0.72421875 0.1453125 0.23515625
0 0.90390625 0.5546875 0.15625 0.19140625
0 0.79296875 0.39609375 0.1234375 0.16953125
0 0.54375 0.13359375 0.1125 0.15859375
0 0.66875 0.240625 0.1015625 0.1859375
0 0.80390625 0.1421875 0.11640625 0.153125
0 0.9 0.25703125 0.10546875 0.175