0 0.93515625 0.73046875 0.1296875 0.2171875
0 0.078125 0.0765625 0.15625 0.153125
0 0.40859375 0.79609375 0.2765625 0.3953125
0 0.31953125 0.08515625 0.09296875 0.08359375
0 0.1234375 0.80859375 0.24140625 0.33359375
0 0.23125 0.81796875 0.09609375 0.3640625
0 0.64765625 0.82109375 0.221875 0.33359375
0 0.87578125 0.85703125 0.2484375 0.2828125
0 0.65625 0.096875 0.18046875 0.19296875
0 0.1953125 0.128125 0.16484375 0.1578125
0 0.86484375 0.1546875 0.25703125 0.29609375
0 0.6140625 0.265625 0.23828125 0.3578125
0 0.18671875 0.271875 0.14765625 0.28359375
0 0.92578125 0.31796875 0.14140625 0.33984375
0 0.46171875 0.31953125 0.10625 0.35546875
0 0.33828125 0.34765625 0.23984375 0.4859375
0 0.07890625 0.3453125 0.15078125 0.43203125
0 0.7984375 0.4734375 0.13125 0.29296875
0 0.73984375 0.6015625 0.25078125 0.3515625
0 0.48515625 0.61484375 0.17890625 0.2296875