0 0.4546875 0.1515625 0.11640625 0.20859375
0 0.23984375 0.2203125 0.1265625 0.20234375
0 0.06484375 0.49140625 0.11640625 0.24375
0 0.08671875 0.375 0.146875 0.2265625
0 0.23671875 0.4375 0.13984375 0.2203125
0 0.13984375 0.7828125 0.1734375 0.2796875
0 0.26171875 0.61640625 0.16328125 0.23203125
0 0.31640625 0.875 0.146875 0.2265625
0 0.371875 0.44921875 0.11640625 0.19609375
0 0.50859375 0.52109375 0.1703125 0.24375
0 0.4 0.76484375 0.1796875 0.23203125
0 0.5015625 0.9109375 0.18984375 0.16640625
0 0.5453125 0.7265625 0.15 0.2140625
0 0.696875 0.6546875 0.16640625 0.26171875
0 0.7953125 0.42578125 0.15 0.24375
0 0.6453125 0.38125 0.1703125 0.25
0 0.68671875 0.2265625 0.13984375 0.17890625
0 0.7953125 0.0890625 0.14296875 0.16640625
0 0.91640625 0.3484375 0.153125 0.19609375
0 0.85 0.628125 0.16015625 0.24375
0 0.81171875 0.88984375 0.1703125 0.184375
0 0.928125 0.82421875 0.13671875 0.2203125
0 0.55625 0.10390625 0.159375 0.2078125