0 0.13125 0.15546875 0.13828125 0.20234375
0 0.1796875 0.3609375 0.1421875 0.2296875
0 0.14765625 0.58984375 0.12734375 0.1859375
0 0.17265625 0.8140625 0.15625 0.196875
0 0.065625 0.9125 0.1234375 0.153125
0 0.30546875 0.56796875 0.15234375 0.240625
0 0.32890625 0.78984375 0.1421875 0.21328125
0 0.3328125 0.35 0.14921875 0.21875
0 0.2796875 0.12265625 0.13125 0.18046875
0 0.421875 0.0953125 0.13828125 0.18046875
0 0.478125 0.303125 0.12734375 0.21328125
0 0.44765625 0.5 0.1234375 0.19140625
0 0.46015625 0.69375 0.12734375 0.1640625
0 0.4546875 0.88515625 0.13125 0.1859375
0 0.5578125 0.0734375 0.15625 0.146875
0 0.6 0.24296875 0.16015625 0.20234375
0 0.5796875 0.4703125 0.15625 0.2296875
0 0.5890625 0.67734375 0.13828125 0.2078125
0 0.59453125 0.88515625 0.12734375 0.1859375
0 0.7109375 0.06796875 0.134375 0.11484375
0 0.74375 0.24296875 0.1421875 0.22421875
0 0.73984375 0.459375 0.14921875 0.2078125
0 0.734375 0.6859375 0.13828125 0.19140625
0 0.73125 0.9046875 0.1453125 0.16953125
0 0.87109375 0.0625 0.1421875 0.125
0 0.90390625 0.25390625 0.16328125 0.22421875
0 0.88359375 0.5078125 0.13828125 0.21875
0 0.87421875 0.75390625 0.1421875 0.2296875
0 0.878125 0.9453125 0.12734375 0.0984375