0 0.06015625 0.434375 0.1125 0.19140625
0 0.06171875 0.671875 0.1234375 0.30625
0 0.2 0.52421875 0.1890625 0.2515625
0 0.34375 0.46171875 0.134375 0.20234375
0 0.178125 0.35 0.13125 0.13125
0 0.221875 0.1828125 0.1453125 0.19140625
0 0.3203125 0.2953125 0.13828125 0.175
0 0.48359375 0.3171875 0.18203125 0.2734375
0 0.621875 0.18828125 0.1671875 0.21328125
0 0.65078125 0.3828125 0.16015625 0.240625
0 0.79296875 0.53515625 0.1890625 0.284375
0 0.82734375 0.303125 0.19296875 0.22421875
0 0.92578125 0.48125 0.134375 0.240625