0 0.165625 0.603125 0.115625 0.0828125
0 0.81171875 0.61875 0.13046875 0.20625
0 0.93828125 0.6390625 0.1234375 0.1859375
0 0.0734375 0.70859375 0.14609375 0.20078125
0 0.75390625 0.79375 0.13828125 0.20625
0 0.2234375 0.79921875 0.13046875 0.21640625
0 0.58828125 0.8015625 0.1078125 0.18046875
0 0.38046875 0.8015625 0.1921875 0.16015625
0 0.9328125 0.85546875 0.134375 0.1859375
0 0.675 0.940625 0.2265625 0.11875
0 0.4921875 0.95859375 0.14609375 0.0828125
0 0.5265625 0.14140625 0.015625 0.02578125
0 0.46171875 0.1625 0.1 0.0671875
0 0.56171875 0.18046875 0.0765625 0.103125
0 0.63046875 0.26796875 0.13046875 0.1234375
0 0.46171875 0.3171875 0.13828125 0.25234375
0 0.62890625 0.440625 0.1734375 0.190625
0 0.1734375 0.44296875 0.06953125 0.1546875
0 0.08046875 0.47421875 0.13046875 0.14453125
0 0.3484375 0.47421875 0.15 0.1546875
0 0.81953125 0.48203125 0.084375 0.0875