0 0.0890625 0.08359375 0.109375 0.1671875
0 0.09921875 0.2921875 0.14375 0.17890625
0 0.1078125 0.459375 0.13359375 0.190625
0 0.2296875 0.61015625 0.13046875 0.17890625
0 0.05625 0.79453125 0.09921875 0.190625
0 0.18671875 0.8125 0.13359375 0.17890625
0 0.38359375 0.83828125 0.13671875 0.1734375
0 0.5546875 0.6734375 0.14375 0.2140625
0 0.6625 0.384375 0.1265625 0.22578125
0 0.44375 0.50859375 0.146875 0.2078125
0 0.38515625 0.3296875 0.13359375 0.2078125
0 0.25546875 0.2859375 0.11953125 0.190625
0 0.696875 0.64140625 0.140625 0.21953125
0 0.85078125 0.540625 0.1265625 0.2140625
0 0.64921875 0.8703125 0.13359375 0.190625
0 0.8015625 0.35234375 0.14375 0.2078125
0 0.8375 0.16796875 0.11328125 0.2078125
0 0.58203125 0.2109375 0.15078125 0.271875
0 0.4625 0.153125 0.13046875 0.2140625