0 0.4546875 0.55703125 0.2546875 0.3171875
0 0.0734375 0.69296875 0.146875 0.21640625
0 0.2453125 0.72421875 0.2578125 0.34453125
0 0.8765625 0.7375 0.2328125 0.2625
0 0.6765625 0.75703125 0.20390625 0.24609375
0 0.4765625 0.803125 0.21796875 0.2296875
0 0.078125 0.8875 0.15625 0.225
0 0.925 0.93671875 0.15 0.1265625
0 0.803125 0.93671875 0.11484375 0.12421875
0 0.284375 0.94765625 0.271875 0.1046875
0 0.6515625 0.95234375 0.31484375 0.09140625
0 0.453125 0.4296875 0.25859375 0.24765625
0 0.23515625 0.43359375 0.1578125 0.23359375
0 0.73828125 0.4375 0.2765625 0.4046875
0 0.1 0.43984375 0.2 0.3109375
0 0.025 0.46640625 0.05 0.32109375
0 0.9546875 0.51015625 0.090625 0.353125