0 0.81796875 0.653125 0.1453125 0.19140625
0 0.61484375 0.65859375 0.17421875 0.22421875
0 0.23671875 0.7703125 0.13125 0.109375
0 0.4234375 0.77578125 0.18515625 0.21875
0 0.62734375 0.82265625 0.1421875 0.13671875
0 0.62890625 0.2375 0.1453125 0.20234375
0 0.4234375 0.28671875 0.14921875 0.20234375
0 0.71640625 0.3390625 0.11640625 0.109375
0 0.8234375 0.346875 0.134375 0.19140625
0 0.5671875 0.4234375 0.17421875 0.19140625
0 0.32890625 0.4671875 0.178125 0.19140625
0 0.89296875 0.52734375 0.1125 0.14765625
0 0.73671875 0.5296875 0.2 0.196875
0 0.39609375 0.540625 0.20390625 0.196875
0 0.1546875 0.54375 0.178125 0.19140625