0 0.109375 0.05703125 0.18203125 0.09296875
0 0.18515625 0.60390625 0.1890625 0.18046875
0 0.56875 0.609375 0.21484375 0.32265625
0 0.7453125 0.72109375 0.1015625 0.1421875
0 0.0453125 0.75703125 0.090625 0.24609375
0 0.39453125 0.78984375 0.134375 0.26796875
0 0.8984375 0.78984375 0.13828125 0.27890625
0 0.5578125 0.85234375 0.17109375 0.1640625
0 0.17109375 0.8578125 0.17421875 0.284375
0 0.31484375 0.0875 0.18515625 0.153125
0 0.709375 0.9125 0.15234375 0.175
0 0.5234375 0.96171875 0.17421875 0.065625
0 0.77734375 0.10625 0.1671875 0.2125
0 0.5125 0.11484375 0.15234375 0.13125
0 0.9125 0.18046875 0.07265625 0.240625
0 0.15234375 0.21328125 0.18203125 0.196875
0 0.69453125 0.2703125 0.09453125 0.21328125
0 0.34375 0.27890625 0.134375 0.153125
0 0.54765625 0.28984375 0.16328125 0.2625
0 0.6453125 0.04609375 0.134375 0.07109375
0 0.21796875 0.44296875 0.16015625 0.21875
0 0.57421875 0.45078125 0.1015625 0.11484375
0 0.77109375 0.459375 0.1453125 0.3171875
0 0.05078125 0.46484375 0.09453125 0.30625
0 0.9203125 0.48125 0.09453125 0.2078125
0 0.38359375 0.4921875 0.134375 0.1640625