0 0.27265625 0.628125 0.20390625 0.3171875
0 0.49609375 0.65 0.21484375 0.2953125
0 0.0765625 0.653125 0.1453125 0.30078125
0 0.89453125 0.6828125 0.18203125 0.284375
1 0.7125 0.69375 0.2109375 0.3609375
0 0.07578125 0.08984375 0.1515625 0.1796875
0 0.36875 0.9015625 0.22890625 0.1859375
0 0.12578125 0.90703125 0.23671875 0.175
0 0.9734375 0.909375 0.05 0.18125
0 0.6109375 0.91015625 0.2328125 0.16953125
0 0.8453125 0.9234375 0.20703125 0.1421875
0 0.73125 0.0953125 0.22578125 0.16953125
0 0.26796875 0.1 0.20859375 0.2
0 0.4984375 0.10078125 0.2109375 0.19140625
0 0.9203125 0.11484375 0.13828125 0.2296875
0 0.18359375 0.3140625 0.21484375 0.35546875
0 0.60546875 0.3359375 0.221875 0.26796875
0 0.82578125 0.3359375 0.22578125 0.34453125
1 0.3984375 0.3578125 0.22890625 0.35546875
0 0.03203125 0.359375 0.0640625 0.29296875
0 0.71796875 0.50234375 0.16328125 0.14140625