0 0.2796875 0.44453125 0.3375 0.16875
0 0.65546875 0.5578125 0.3953125 0.1734375
0 0.91796875 0.6359375 0.1640625 0.29296875
0 0.2625 0.65546875 0.38203125 0.2890625
0 0.6890625 0.78671875 0.35546875 0.2578125
0 0.9484375 0.8125 0.103125 0.125
0 0.0890625 0.83984375 0.16875 0.27578125
0 0.39140625 0.8953125 0.41796875 0.20859375
0 0.8953125 0.09296875 0.20859375 0.12421875
0 0.86328125 0.94609375 0.2703125 0.1078125
0 0.890625 0.25078125 0.21875 0.1734375
0 0.3625 0.27109375 0.30703125 0.221875
0 0.75546875 0.40859375 0.284375 0.27578125