0 0.16796875 0.515625 0.1890625 0.2375
0 0.7375 0.5828125 0.1390625 0.19609375
0 0.884375 0.63671875 0.115625 0.23203125
0 0.975 0.6546875 0.05 0.16484375
0 0.378125 0.6671875 0.23203125 0.25234375
0 0.0734375 0.78359375 0.146875 0.19609375
0 0.59296875 0.7859375 0.10390625 0.221875
0 0.8375 0.79140625 0.1625 0.190625
0 0.2140625 0.82734375 0.0890625 0.05703125
0 0.93984375 0.9046875 0.0890625 0.190625
0 0.2046875 0.93828125 0.16953125 0.1234375
0 0.4109375 0.95625 0.15078125 0.0875
0 0.04375 0.9609375 0.08125 0.078125
0 0.590625 0.96640625 0.13125 0.0671875
0 0.77578125 0.96875 0.1390625 0.06171875
0 0.2296875 0.12109375 0.05 0.12890625
0 0.66953125 0.13671875 0.23515625 0.23203125
0 0.49453125 0.1625 0.05390625 0.11875
0 0.884375 0.175 0.1078125 0.2578125
0 0.11796875 0.0203125 0.2203125 0.040625
0 0.10390625 0.2296875 0.19296875 0.29375
0 0.3609375 0.278125 0.2046875 0.29921875
0 0.4109375 0.03359375 0.1890625 0.04609375
0 0.5078125 0.4359375 0.15078125 0.2734375
0 0.8453125 0.4359375 0.146875 0.16015625
0 0.96328125 0.4640625 0.0734375 0.21640625