0 0.8265625 0.559375 0.11796875 0.15078125
0 0.12890625 0.58046875 0.08828125 0.11796875
0 0.68984375 0.62890625 0.1546875 0.2046875
0 0.35625 0.671875 0.13671875 0.1609375
0 0.896875 0.69375 0.103125 0.096875
0 0.059375 0.69609375 0.08125 0.10234375
0 0.50390625 0.70703125 0.121875 0.17734375
0 0.16953125 0.74765625 0.09609375 0.12890625
0 0.4171875 0.82265625 0.08828125 0.0859375
0 0.60859375 0.8390625 0.1328125 0.13984375
0 0.2953125 0.846875 0.08828125 0.1234375
0 0.7453125 0.8734375 0.1109375 0.1453125
0 0.090625 0.8953125 0.1140625 0.10234375
0 0.66015625 0.096875 0.103125 0.1078125
0 0.73984375 0.2421875 0.13671875 0.1609375
0 0.5296875 0.24765625 0.15859375 0.1828125
0 0.328125 0.2609375 0.1328125 0.1453125
0 0.87265625 0.35234375 0.1140625 0.19921875
0 0.63984375 0.3953125 0.15859375 0.15625
0 0.4609375 0.46796875 0.16953125 0.19375
0 0.25078125 0.50546875 0.16953125 0.12890625
0 0.9484375 0.5296875 0.08828125 0.10234375