0 0.10546875 0.8390625 0.2109375 0.3109375
0 0.1265625 0.5734375 0.2390625 0.321875
0 0.12109375 0.30234375 0.22890625 0.3109375
0 0.3765625 0.325 0.26796875 0.321875
0 0.39765625 0.63828125 0.29609375 0.32734375
0 0.3734375 0.8640625 0.2890625 0.26015625
0 0.68125 0.65 0.24296875 0.36171875
0 0.67265625 0.87890625 0.275 0.2203125
0 0.90859375 0.8640625 0.17578125 0.21484375
0 0.9046875 0.5875 0.1828125 0.3390625
0 0.6546875 0.34453125 0.25390625 0.32734375
0 0.88359375 0.30546875 0.2109375 0.32734375
0 0.13203125 0.12421875 0.25703125 0.22578125
0 0.3734375 0.09921875 0.25390625 0.19765625
0 0.6390625 0.11015625 0.2359375 0.209375
0 0.86640625 0.090625 0.24609375 0.18046875