0 0.1265625 0.559375 0.1828125 0.27109375
0 0.10234375 0.25703125 0.16171875 0.25390625
0 0.25390625 0.3953125 0.16875 0.27109375
0 0.403125 0.1328125 0.19375 0.23125
0 0.390625 0.415625 0.140625 0.2765625
0 0.2640625 0.678125 0.17578125 0.31640625
0 0.1828125 0.884375 0.18984375 0.2203125
0 0.3640625 0.8984375 0.17265625 0.1921875
0 0.42265625 0.68359375 0.16171875 0.2484375
0 0.5859375 0.61015625 0.17265625 0.27109375
0 0.6390625 0.76015625 0.1796875 0.25390625
0 0.53671875 0.3671875 0.17265625 0.30546875
0 0.70390625 0.36171875 0.16875 0.32734375
0 0.58984375 0.11875 0.15859375 0.21484375
0 0.790625 0.1328125 0.21484375 0.23125
0 0.875 0.38984375 0.15859375 0.2484375
0 0.8890625 0.64140625 0.18671875 0.29921875
0 0.7625 0.65 0.14453125 0.29375