0 0.175 0.2953125 0.1265625 0.1859375
0 0.26875 0.23671875 0.1265625 0.14375
0 0.26640625 0.3328125 0.13046875 0.1328125
0 0.10625 0.73671875 0.10859375 0.15390625
0 0.15859375 0.80078125 0.1234375 0.1328125
0 0.27421875 0.83515625 0.115625 0.14921875
0 0.41640625 0.484375 0.1234375 0.18046875
0 0.35078125 0.61953125 0.1265625 0.14375
0 0.5015625 0.62734375 0.13828125 0.12734375
0 0.55234375 0.55859375 0.14140625 0.14921875
0 0.60234375 0.19140625 0.2125 0.234375
0 0.7203125 0.7609375 0.23125 0.29765625
0 0.8265625 0.6890625 0.2125 0.2609375