1 0.05078125 0.76875 0.1015625 0.2265625
0 0.77421875 0.7953125 0.2109375 0.28984375
0 0.21640625 0.803125 0.21484375 0.1859375
0 0.55859375 0.91015625 0.2078125 0.1703125
0 0.3484375 0.19140625 0.15859375 0.2078125
0 0.590625 0.2046875 0.18515625 0.21328125
0 0.0765625 0.21015625 0.1453125 0.23515625
0 0.2578125 0.240625 0.19609375 0.240625
0 0.89453125 0.34453125 0.20390625 0.328125
0 0.65625 0.49453125 0.178125 0.33359375
0 0.11796875 0.52421875 0.2 0.3171875
0 0.36015625 0.54375 0.2546875 0.36640625