0 0.25703125 0.61796875 0.328125 0.1890625
0 0.325 0.76875 0.34453125 0.15625
0 0.12265625 0.89765625 0.2453125 0.1671875
0 0.36328125 0.94375 0.28984375 0.10546875
0 0.62265625 0.865625 0.2953125 0.1453125
0 0.82265625 0.7328125 0.25703125 0.16328125
0 0.871875 0.89609375 0.24609375 0.16328125
0 0.54921875 0.63828125 0.30078125 0.178125
0 0.69375 0.5234375 0.2953125 0.13125
0 0.91015625 0.57265625 0.16953125 0.134375
0 0.4046875 0.5015625 0.284375 0.15234375
0 0.21015625 0.4203125 0.34453125 0.16328125
0 0.45078125 0.37109375 0.24609375 0.17421875
0 0.71328125 0.36875 0.27890625 0.1421875
0 0.69140625 0.2453125 0.27890625 0.16328125
0 0.37734375 0.2328125 0.2953125 0.1453125
0 0.13359375 0.27421875 0.23515625 0.15625
0 0.24609375 0.12734375 0.30625 0.15234375
0 0.565625 0.12890625 0.26796875 0.134375
0 0.81171875 0.09453125 0.21328125 0.1234375
0 0.90703125 0.1796875 0.175 0.12734375