0 0.121875 0.19296875 0.196875 0.21171875
0 0.1390625 0.37890625 0.20078125 0.28359375
0 0.253125 0.58984375 0.2046875 0.23203125
0 0.09296875 0.70859375 0.16953125 0.2421875
0 0.44609375 0.6859375 0.228125 0.26796875
0 0.26484375 0.825 0.228125 0.2578125
0 0.41875 0.928125 0.228125 0.11328125
0 0.76796875 0.78359375 0.2390625 0.26796875
0 0.6296875 0.72421875 0.21640625 0.2625
0 0.68125 0.4921875 0.25859375 0.3140625
0 0.90703125 0.49765625 0.17734375 0.190625
0 0.91484375 0.2734375 0.1625 0.2265625
0 0.646875 0.19296875 0.196875 0.190625
0 0.36328125 0.39453125 0.1546875 0.2625
0 0.48671875 0.29609375 0.19296875 0.2421875
0 0.39609375 0.1671875 0.1734375 0.221875
0 0.49375 0.08984375 0.16875 0.1796875
0 0.2421875 0.071875 0.16875 0.14375
0 0.859375 0.09296875 0.2046875 0.1859375