0 0.146875 0.26953125 0.20078125 0.21015625
0 0.2046875 0.39765625 0.21640625 0.23046875
0 0.2796875 0.5125 0.2046875 0.215625
0 0.3203125 0.2359375 0.19296875 0.22578125
0 0.39375 0.3234375 0.20078125 0.17421875
0 0.47890625 0.46953125 0.17734375 0.23046875
0 0.671875 0.42578125 0.20859375 0.22578125
0 0.590625 0.26640625 0.19296875 0.17421875
0 0.509375 0.184375 0.17734375 0.184375
0 0.67578125 0.10234375 0.16953125 0.184375
0 0.76640625 0.21796875 0.196875 0.1796875
0 0.84375 0.3640625 0.2046875 0.2359375