0 0.0921875 0.5796875 0.1515625 0.2640625
0 0.13515625 0.77578125 0.18046875 0.22734375
0 0.07734375 0.9171875 0.13515625 0.153125
0 0.209375 0.88984375 0.12890625 0.19609375
0 0.32578125 0.69921875 0.17421875 0.2703125
0 0.35 0.9046875 0.17734375 0.178125
0 0.23671875 0.5703125 0.1515625 0.28203125
0 0.37578125 0.3984375 0.17109375 0.2703125
0 0.22265625 0.19296875 0.1421875 0.2640625
0 0.5046875 0.2703125 0.16484375 0.2578125
0 0.66953125 0.36796875 0.209375 0.34375
0 0.4984375 0.5859375 0.190625 0.28828125
0 0.53046875 0.8375 0.196875 0.27578125
0 0.71328125 0.80703125 0.18046875 0.28828125
0 0.88046875 0.80390625 0.18046875 0.35546875
0 0.83359375 0.51875 0.17734375 0.325
0 0.76796875 0.19609375 0.1546875 0.2578125
0 0.90625 0.19609375 0.1546875 0.28203125