0 0.08046875 0.45234375 0.1203125 0.190625
0 0.07890625 0.6578125 0.11015625 0.184375
0 0.209375 0.4046875 0.14375 0.2140625
0 0.2109375 0.565625 0.140625 0.26171875
0 0.3328125 0.67890625 0.14375 0.25
0 0.37265625 0.246875 0.13046875 0.17265625
0 0.5234375 0.3984375 0.1375 0.2734375
0 0.5046875 0.61875 0.1671875 0.23828125
0 0.5703125 0.7203125 0.1234375 0.23828125
0 0.67421875 0.23203125 0.11015625 0.14296875
0 0.65859375 0.4015625 0.16015625 0.2203125
0 0.67734375 0.621875 0.1375 0.2203125
0 0.77890625 0.48203125 0.146875 0.2140625
0 0.77734375 0.684375 0.15078125 0.25
0 0.91484375 0.19921875 0.1375 0.2203125
0 0.9234375 0.378125 0.12734375 0.184375
0 0.9265625 0.5953125 0.13359375 0.20234375