0 0.434375 0.596875 0.20234375 0.1703125
0 0.94765625 0.60859375 0.1046875 0.26484375
0 0.6703125 0.68515625 0.14140625 0.21796875
0 0.175 0.7 0.12109375 0.153125
0 0.85390625 0.7203125 0.14453125 0.2296875
0 0.8875 0.75859375 0.15859375 0.11796875
0 0.4171875 0.79375 0.221875 0.14140625
0 0.05234375 0.81484375 0.04375 0.0765625
0 0.628125 0.83828125 0.16484375 0.24140625
0 0.24375 0.83828125 0.1109375 0.1
0 0.51171875 0.09140625 0.1546875 0.13515625
0 0.478125 0.9203125 0.20859375 0.15859375
0 0.8 0.9203125 0.22578125 0.1
0 0.171875 0.9203125 0.1546875 0.1234375
0 0.08046875 0.946875 0.12109375 0.0703125
0 0.8515625 0.1296875 0.0875 0.1765625
0 0.96640625 0.13515625 0.0671875 0.18828125
0 0.715625 0.146875 0.09765625 0.16484375
0 0.4109375 0.18828125 0.134375 0.1765625
0 0.9140625 0.28515625 0.1109375 0.24140625
0 0.55234375 0.296875 0.1078125 0.15859375
0 0.53046875 0.3296875 0.1921875 0.21171875
0 0.7203125 0.353125 0.16796875 0.1765625
0 0.36015625 0.39375 0.134375 0.18828125
0 0.78125 0.4703125 0.1484375 0.2
0 0.13984375 0.55625 0.13828125 0.1703125
0 0.24765625 0.5734375 0.090625 0.1703125