0 0.15703125 0.12265625 0.16796875 0.24453125
0 0.35390625 0.16328125 0.175 0.25
0 0.534375 0.16875 0.128125 0.228125
0 0.71171875 0.1578125 0.1390625 0.25
0 0.88515625 0.17109375 0.15 0.20078125
0 0.109375 0.48671875 0.14609375 0.25546875
0 0.31015625 0.48125 0.16796875 0.25546875
0 0.51484375 0.48125 0.1609375 0.24453125
0 0.715625 0.47265625 0.175 0.29375
0 0.903125 0.50546875 0.15703125 0.228125
0 0.14765625 0.8203125 0.1640625 0.2390625
0 0.3375 0.84765625 0.13515625 0.1953125
0 0.51640625 0.82578125 0.15 0.228125
0 0.71171875 0.84765625 0.1390625 0.18515625
0 0.9 0.834375 0.1421875 0.21171875