0 0.25 0.2875 0.06328125 0.15859375
0 0.32734375 0.41015625 0.09140625 0.23046875
0 0.390625 0.4640625 0.11328125 0.26640625
0 0.3125 0.66875 0.11015625 0.23046875
0 0.36484375 0.8671875 0.07734375 0.1796875
0 0.521875 0.60078125 0.1046875 0.26640625
0 0.6171875 0.64375 0.10234375 0.2953125
0 0.64609375 0.37734375 0.11015625 0.26640625
0 0.50859375 0.3703125 0.11640625 0.2515625
0 0.54453125 0.14765625 0.1046875 0.1796875
1 0.465625 0.834375 0.11875 0.31640625
1 0.3328125 0.15859375 0.096875 0.215625