1 0.11796875 0.22109375 0.20703125 0.27890625
1 0.3796875 0.2953125 0.20703125 0.30625
1 0.1109375 0.5625 0.2 0.284375
1 0.290625 0.60078125 0.22578125 0.2953125
1 0.19296875 0.83046875 0.19609375 0.2625
1 0.45625 0.51875 0.18515625 0.240625
1 0.521875 0.740625 0.2 0.27890625
1 0.74921875 0.65 0.21796875 0.3390625
1 0.58515625 0.38515625 0.20390625 0.31171875
1 0.3765625 0.84453125 0.2 0.23515625
1 0.66015625 0.1609375 0.19296875 0.28984375
1 0.89609375 0.459375 0.178125 0.35
1 0.85234375 0.23515625 0.2 0.2515625