1 0.21640625 0.7421875 0.23203125 0.309375
1 0.4359375 0.675 0.23203125 0.2375
1 0.63359375 0.5359375 0.16953125 0.2265625
1 0.2125 0.55390625 0.23203125 0.21171875
1 0.22578125 0.26015625 0.12734375 0.14921875
1 0.2953125 0.35546875 0.16640625 0.21640625
1 0.55625 0.365625 0.17734375 0.1859375
1 0.8265625 0.2265625 0.16953125 0.175
1 0.6890625 0.2578125 0.12734375 0.1859375
1 0.58515625 0.8765625 0.2046875 0.19609375
1 0.7859375 0.853125 0.196875 0.21171875
1 0.15078125 0.1671875 0.13125 0.16015625
1 0.06015625 0.384375 0.11953125 0.21171875