0 0.17578125 0.31953125 0.22421875 0.25234375
0 0.22421875 0.57890625 0.23984375 0.2375
0 0.41171875 0.73515625 0.2 0.2421875
0 0.115625 0.79453125 0.2078125 0.2328125
0 0.6421875 0.40078125 0.19609375 0.22734375
0 0.55 0.22265625 0.20390625 0.22734375
0 0.19609375 0.09140625 0.2 0.1734375
0 0.415625 0.084375 0.215625 0.16796875
0 0.82421875 0.525 0.215625 0.27734375
0 0.678125 0.7328125 0.20390625 0.22734375
0 0.89375 0.77265625 0.19609375 0.2671875
0 0.7859375 0.215625 0.2359375 0.25234375
1 0.4296875 0.4828125 0.2203125 0.25234375