0 0.8265625 0.0703125 0.171875 0.140625
0 0.19375 0.0703125 0.24609375 0.1296875
0 0.11953125 0.7234375 0.21875 0.23515625
0 0.87890625 0.73515625 0.22890625 0.2
0 0.6296875 0.75 0.20234375 0.15859375
0 0.40234375 0.08515625 0.16484375 0.15859375
0 0.6265625 0.08828125 0.18828125 0.153125
0 0.0421875 0.903125 0.084375 0.19375
0 0.7671875 0.9171875 0.25 0.165625
0 0.22890625 0.9203125 0.24921875 0.15859375
0 0.5046875 0.9265625 0.20234375 0.146875
0 0.9640625 0.93515625 0.071875 0.1296875
0 0.084375 0.18515625 0.16796875 0.18203125
0 0.48515625 0.20625 0.1546875 0.21171875
0 0.29296875 0.20625 0.18203125 0.21171875
0 0.9328125 0.23203125 0.134375 0.146875
0 0.7359375 0.25 0.20546875 0.146875
0 0.6125 0.36171875 0.16796875 0.13515625
0 0.14453125 0.36796875 0.20859375 0.13515625
0 0.39375 0.39140625 0.16796875 0.15859375
0 0.871875 0.396875 0.20234375 0.1234375
0 0.065625 0.5 0.11796875 0.153125
0 0.75625 0.5265625 0.24609375 0.146875
0 0.27265625 0.56484375 0.221875 0.2
0 0.95078125 0.5671875 0.0984375 0.159375
0 0.51484375 0.5734375 0.2359375 0.1703125