0 0.13125 0.38359375 0.21875 0.15625
0 0.6390625 0.46015625 0.2625 0.16328125
0 0.39609375 0.48203125 0.23515625 0.134375
0 0.9015625 0.49453125 0.1859375 0.1890625
0 0.6203125 0.6765625 0.36640625 0.18203125
0 0.35234375 0.87421875 0.47578125 0.25078125
0 0.803125 0.90546875 0.39375 0.1671875
0 0.24609375 0.09609375 0.328125 0.17109375
0 0.08203125 0.17421875 0.1640625 0.16015625
0 0.5734375 0.21484375 0.21875 0.18203125
0 0.34453125 0.290625 0.21875 0.11640625
0 0.8140625 0.3328125 0.21875 0.134375