0 0.13515625 0.56328125 0.21015625 0.2484375
0 0.13125 0.8171875 0.18828125 0.20625
0 0.31953125 0.7484375 0.21015625 0.2484375
0 0.35703125 0.39453125 0.21796875 0.259375
0 0.07890625 0.2171875 0.1578125 0.3171875
0 0.2796875 0.23828125 0.20703125 0.30703125
0 0.61484375 0.80703125 0.221875 0.20625
0 0.89453125 0.68515625 0.203125 0.2484375
0 0.80234375 0.4203125 0.2140625 0.2484375
0 0.85703125 0.16953125 0.18828125 0.221875
0 0.67109375 0.19609375 0.19921875 0.25390625
0 0.490625 0.13984375 0.2296875 0.2484375
1 0.57890625 0.3546875 0.203125 0.26484375